ObsID = 15043

bstart= [   977.46186322   7019.40421003   7467.8429904    7810.16267014
  10439.17781025  10490.5257622   11096.43159527  11455.86725897
  12568.40621799]

bstop= [  7019.40421003   7467.8429904    7810.16267014  10439.17781025
  10490.5257622   11096.43159527  11455.86725897  12568.40621799
  51034.86862642]


rates= [ 0.01405181  0.18440644  0.53145937  0.87024794  0.06441932  0.4622177
  0.26074485  0.10703517  0.010491  ]

errors= [ 0.00179162  0.02385838  0.04468895  0.01952727  0.0630556   0.03086466
  0.03147384  0.01132623  0.0005776 ]

durations= [6041.9423468112946, 448.43878036737442, 342.31967973709106, 2629.0151401162148, 51.347951948642731, 605.9058330655098, 359.43566370010376, 1112.5389590263367, 38466.462408423424]