1402.4443029761314  1702.4443029761314  0.0073506666666666495
1702.4443029761314  2002.4443029761314  0.011025999999999973
2002.4443029761314  2302.4443029761314  0.011025999999999973
2302.4443029761314  2602.4443029761314  0.011025999999999973
2602.4443029761314  2902.4443029761314  0.018376666666666625
2902.4443029761314  3202.4443029761314  0.011025999999999973
3202.4443029761314  3502.4443029761314  0.011025999999999973
3502.4443029761314  3802.4443029761314  0.0036753333333333247
3802.4443029761314  4102.444302976131  0.0073506666666666495
4102.444302976131  4402.444302976131  0.011025999999999973
4402.444302976131  4702.444302976131  0.022051999999999947
4702.444302976131  5002.444302976131  0.0036753333333333247
5002.444302976131  5302.444302976131  0.029402666666666598
5302.444302976131  5602.444302976131  0.0036753333333333247
5602.444302976131  5902.444302976131  0.0073506666666666495
5902.444302976131  6202.444302976131  0.0036753333333333247
6202.444302976131  6502.444302976131  0.014701333333333299
6502.444302976131  6802.444302976131  0.0073506666666666495
6802.444302976131  7102.444302976131  0.0073506666666666495
7102.444302976131  7402.444302976131  0.014701333333333299
7402.444302976131  7702.444302976131  0.011025999999999973
7702.444302976131  8002.444302976131  0.0073506666666666495
8002.444302976131  8302.444302976131  0.014701333333333299
8302.444302976131  8602.444302976131  0.022051999999999947
8602.444302976131  8902.444302976131  0.011025999999999973
8902.444302976131  9202.444302976131  0.0036753333333333247
9202.444302976131  9502.444302976131  0.011025999999999973
9502.444302976131  9802.444302976131  0.0073506666666666495
9802.444302976131  10102.444302976131  0.0073506666666666495
10102.444302976131  10402.444302976131  0.0073506666666666495
10402.444302976131  10702.444302976131  0.0073506666666666495
10702.444302976131  11002.444302976131  0.0073506666666666495
11002.444302976131  11302.444302976131  0.022051999999999947
11302.444302976131  11602.444302976131  0.0073506666666666495
11602.444302976131  11902.444302976131  0.011025999999999973
11902.444302976131  12202.444302976131  0.0073506666666666495
12202.444302976131  12502.444302976131           0.0
12502.444302976131  12802.444302976131  0.0073506666666666495
12802.444302976131  13102.444302976131  0.0073506666666666495
13102.444302976131  13402.444302976131  0.011025999999999973
13402.444302976131  13702.444302976131  0.0073506666666666495
13702.444302976131  14002.444302976131  0.014701333333333299
14002.444302976131  14302.444302976131  0.0036753333333333247
14302.444302976131  14602.444302976131  0.011025999999999973
14602.444302976131  14902.444302976131  0.014701333333333299
14902.444302976131  15202.444302976131  0.0036753333333333247
15202.444302976131  15502.444302976131  0.0036753333333333247
15502.444302976131  15802.444302976131  0.014701333333333299
15802.444302976131  16102.444302976131  0.0073506666666666495
16102.444302976131  16402.44430297613  0.011025999999999973
16402.44430297613  16702.44430297613           0.0
16702.44430297613  17002.44430297613  0.011025999999999973
17002.44430297613  17302.44430297613  0.0073506666666666495
17302.44430297613  17602.44430297613  0.014701333333333299
17602.44430297613  17902.44430297613  0.0073506666666666495
17902.44430297613  18202.44430297613  0.0036753333333333247
18202.44430297613  18502.44430297613  0.0073506666666666495
18502.44430297613  18802.44430297613  0.0073506666666666495
18802.44430297613  19102.44430297613           0.0
19102.44430297613  19402.44430297613  0.0036753333333333247
19402.44430297613  19702.44430297613  0.018376666666666625
19702.44430297613  20002.44430297613  0.0073506666666666495
20002.44430297613  20302.44430297613  0.0036753333333333247
20302.44430297613  20602.44430297613  0.014701333333333299
20602.44430297613  20902.44430297613  0.0036753333333333247
20902.44430297613  21202.44430297613  0.0073506666666666495
21202.44430297613  21502.44430297613  0.0073506666666666495
21502.44430297613  21802.44430297613  0.0036753333333333247
21802.44430297613  22102.44430297613  0.011025999999999973
22102.44430297613  22402.44430297613  0.014701333333333299
22402.44430297613  22702.44430297613  0.011025999999999973
22702.44430297613  23002.44430297613  0.0036753333333333247
23002.44430297613  23302.44430297613  0.0036753333333333247
23302.44430297613  23602.44430297613  0.011025999999999973
23602.44430297613  23902.44430297613  0.0036753333333333247
23902.44430297613  24202.44430297613           0.0
24202.44430297613  24502.44430297613  0.0036753333333333247
24502.44430297613  24802.44430297613  0.0073506666666666495
24802.44430297613  25102.44430297613           0.0
25102.44430297613  25402.44430297613  0.0036753333333333247
25402.44430297613  25702.44430297613  0.0036753333333333247
25702.44430297613  26002.44430297613  0.0073506666666666495
26002.44430297613  26302.44430297613  0.011025999999999973
26302.44430297613  26602.44430297613  0.0073506666666666495
26602.44430297613  26902.44430297613  0.0036753333333333247
26902.44430297613  27202.44430297613  0.014701333333333299
27202.44430297613  27502.44430297613  0.0036753333333333247
27502.44430297613  27802.44430297613  0.014701333333333299
27802.44430297613  28102.44430297613  0.011025999999999973
28102.44430297613  28402.44430297613  0.0073506666666666495
28402.44430297613  28702.44430297613  0.0036753333333333247
28702.44430297613  29002.44430297613  0.011025999999999973
29002.44430297613  29302.44430297613  0.0036753333333333247
29302.44430297613  29602.44430297613  0.014701333333333299
29602.44430297613  29902.44430297613  0.0036753333333333247
29902.44430297613  30202.44430297613  0.025727333333333272
30202.44430297613  30502.44430297613  0.0036753333333333247
30502.44430297613  30802.44430297613  0.0036753333333333247
30802.44430297613  31102.44430297613  0.011025999999999973
31102.44430297613  31402.44430297613  0.0036753333333333247
31402.44430297613  31702.44430297613  0.011025999999999973
31702.44430297613  32002.44430297613  0.029402666666666598
32002.44430297613  32302.44430297613  0.0036753333333333247
32302.44430297613  32602.44430297613  0.0036753333333333247
32602.44430297613  32902.44430297613  0.022051999999999947
32902.44430297613  33202.44430297613  0.011025999999999973
33202.44430297613  33502.44430297613  0.011025999999999973
33502.44430297613  33802.44430297613  0.011025999999999973
33802.44430297613  34102.44430297613  0.014701333333333299
34102.44430297613  34402.44430297613  0.018376666666666625
34402.44430297613  34702.44430297613  0.014701333333333299
34702.44430297613  35002.44430297613  0.03307799999999992
35002.44430297613  35302.44430297613  0.0036753333333333247
35302.44430297613  35602.44430297613  0.022051999999999947
35602.44430297613  35902.44430297613  0.011025999999999973
35902.44430297613  36202.44430297613  0.025727333333333272
36202.44430297613  36502.44430297613  0.018376666666666625
36502.44430297613  36802.44430297613  0.0036753333333333247
36802.44430297613  37102.44430297613  0.018376666666666625
37102.44430297613  37402.44430297613  0.0073506666666666495
37402.44430297613  37702.44430297613  0.011025999999999973
37702.44430297613  38002.44430297613  0.0036753333333333247
38002.44430297613  38302.44430297613           0.0
38302.44430297613  38602.44430297613  0.014701333333333299
38602.44430297613  38902.44430297613  0.0036753333333333247
38902.44430297613  39202.44430297613  0.0036753333333333247
39202.44430297613  39502.44430297613  0.0073506666666666495
39502.44430297613  39802.44430297613  0.0073506666666666495
39802.44430297613  40102.44430297613  0.011025999999999973
40102.44430297613  40402.44430297613  0.018376666666666625
40402.44430297613  40702.44430297613  0.0036753333333333247
40702.44430297613  41002.44430297613  0.011025999999999973
41002.44430297613  41302.44430297613  0.0073506666666666495
41302.44430297613  41602.44430297613  0.0073506666666666495
41602.44430297613  41902.44430297613  0.011025999999999973
41902.44430297613  42202.44430297613  0.022051999999999947
42202.44430297613  42502.44430297613  0.011025999999999973
42502.44430297613  42802.44430297613  0.0036753333333333247
42802.44430297613  43102.44430297613  0.0073506666666666495
43102.44430297613  43402.44430297613  0.0073506666666666495
43402.44430297613  43702.44430297613  0.0073506666666666495
43702.44430297613  44002.44430297613  0.0036753333333333247
44002.44430297613  44302.44430297613  0.011025999999999973
44302.44430297613  44602.44430297613  0.011025999999999973
44602.44430297613  44902.44430297613           0.0
44902.44430297613  45202.44430297613  0.011025999999999973
45202.44430297613  45502.44430297613  0.0073506666666666495
45502.44430297613  45802.44430297613           0.0
45802.44430297613  46102.44430297613  0.0036753333333333247
46102.44430297613  46402.44430297613  0.0073506666666666495
46402.44430297613  46702.44430297613  0.011025999999999973
46702.44430297613  47002.44430297613  0.0073506666666666495
47002.44430297613  47302.44430297613  0.018376666666666625
47302.44430297613  47602.44430297613  0.0073506666666666495
47602.44430297613  47902.44430297613  0.0073506666666666495
47902.44430297613  48202.44430297613  0.0073506666666666495
