         0.0         300.0  0.014701333333333299
       300.0         600.0  0.03307799999999992
       600.0         900.0  0.011025999999999973
       900.0        1200.0  0.022051999999999947
      1200.0        1500.0  0.025727333333333272
      1500.0        1800.0  0.025727333333333272
      1800.0        2100.0  0.0073506666666666495
      2100.0        2400.0  0.029402666666666598
      2400.0        2700.0  0.03307799999999992
      2700.0        3000.0  0.029402666666666598
      3000.0        3300.0  0.014701333333333299
      3300.0        3600.0  0.018376666666666625
      3600.0        3900.0  0.011025999999999973
      3900.0        4200.0  0.0073506666666666495
      4200.0        4500.0  0.014701333333333299
      4500.0        4800.0  0.018376666666666625
      4800.0        5100.0  0.0073506666666666495
      5100.0        5400.0  0.0073506666666666495
      5400.0        5700.0  0.014701333333333299
      5700.0        6000.0  0.018376666666666625
      6000.0        6300.0  0.014701333333333299
      6300.0        6600.0  0.014701333333333299
      6600.0        6900.0  0.014701333333333299
      6900.0        7200.0  0.0073506666666666495
      7200.0        7500.0  0.014701333333333299
      7500.0        7800.0  0.0073506666666666495
      7800.0        8100.0  0.011025999999999973
      8100.0        8400.0  0.0073506666666666495
      8400.0        8700.0  0.011025999999999973
      8700.0        9000.0  0.018376666666666625
      9000.0        9300.0  0.029402666666666598
      9300.0        9600.0  0.018376666666666625
      9600.0        9900.0  0.0073506666666666495
      9900.0       10200.0  0.018376666666666625
     10200.0       10500.0  0.011025999999999973
     10500.0       10800.0  0.014701333333333299
     10800.0       11100.0  0.011025999999999973
     11100.0       11400.0  0.011025999999999973
     11400.0       11700.0  0.0073506666666666495
     11700.0       12000.0           0.0
     12000.0       12300.0  0.014701333333333299
     12300.0       12600.0  0.0036753333333333247
     12600.0       12900.0  0.0073506666666666495
     12900.0       13200.0  0.011025999999999973
     13200.0       13500.0  0.014701333333333299
     13500.0       13800.0  0.022051999999999947
     13800.0       14100.0  0.011025999999999973
     14100.0       14400.0  0.0073506666666666495
     14400.0       14700.0  0.022051999999999947
     14700.0       15000.0  0.0073506666666666495
